=== MATLAB Zonotope Input-Output Pairs ===

Input point x (all 16 values):
1.000000 0.000000 0.000000 0.000000 0.000000 1.000000 0.000000 0.000000 0.000000 0.000000 1.000000 0.000000 0.000000 0.000000 0.000000 1.000000 

Input zonotope X:
  Center (all 16 values): 1.000000 0.000000 0.000000 0.000000 0.000000 1.000000 0.000000 0.000000 0.000000 0.000000 1.000000 0.000000 0.000000 0.000000 0.000000 1.000000 
  Generator matrix shape: [16 16]
  Generator matrix (first 5 rows, all cols):
    0.010000 0.000000 0.000000 0.000000 0.000000 0.000000 0.000000 0.000000 0.000000 0.000000 0.000000 0.000000 0.000000 0.000000 0.000000 0.000000 
    0.000000 0.010000 0.000000 0.000000 0.000000 0.000000 0.000000 0.000000 0.000000 0.000000 0.000000 0.000000 0.000000 0.000000 0.000000 0.000000 
    0.000000 0.000000 0.010000 0.000000 0.000000 0.000000 0.000000 0.000000 0.000000 0.000000 0.000000 0.000000 0.000000 0.000000 0.000000 0.000000 
    0.000000 0.000000 0.000000 0.010000 0.000000 0.000000 0.000000 0.000000 0.000000 0.000000 0.000000 0.000000 0.000000 0.000000 0.000000 0.000000 
    0.000000 0.000000 0.000000 0.000000 0.010000 0.000000 0.000000 0.000000 0.000000 0.000000 0.000000 0.000000 0.000000 0.000000 0.000000 0.000000 

Output point y_point (all 18 values):
4.000000 0.000000 1.000000 0.000000 4.000000 0.000000 1.000000 0.000000 4.000000 -2.000000 1.000000 -2.000000 -3.000000 -2.000000 1.000000 -2.000000 -3.000000 -2.000000 

Output zonotope Y:
  Center (all 18 values): 4.000000 0.000000 1.000000 0.000000 4.000000 0.000000 1.000000 0.000000 4.000000 -2.000000 1.000000 -2.000000 -3.000000 -2.000000 1.000000 -2.000000 -3.000000 -2.000000 
  Generator matrix shape: [18 16]
  Generator matrix (first 5 rows, all cols):
    0.010000 -0.010000 0.000000 0.000000 -0.010000 0.020000 0.000000 0.000000 0.000000 0.000000 0.000000 0.000000 0.000000 0.000000 0.000000 0.000000 
    0.000000 0.010000 -0.010000 0.000000 0.000000 -0.010000 0.020000 0.000000 0.000000 0.000000 0.000000 0.000000 0.000000 0.000000 0.000000 0.000000 
    0.000000 0.000000 0.010000 -0.010000 0.000000 0.000000 -0.010000 0.020000 0.000000 0.000000 0.000000 0.000000 0.000000 0.000000 0.000000 0.000000 
    0.000000 0.000000 0.000000 0.000000 0.010000 -0.010000 0.000000 0.000000 -0.010000 0.020000 0.000000 0.000000 0.000000 0.000000 0.000000 0.000000 
    0.000000 0.000000 0.000000 0.000000 0.000000 0.010000 -0.010000 0.000000 0.000000 -0.010000 0.020000 0.000000 0.000000 0.000000 0.000000 0.000000 

Verification:
  Center - Point (all 18 values): 0.000000e+00 0.000000e+00 0.000000e+00 0.000000e+00 0.000000e+00 0.000000e+00 0.000000e+00 0.000000e+00 0.000000e+00 0.000000e+00 0.000000e+00 0.000000e+00 0.000000e+00 0.000000e+00 0.000000e+00 0.000000e+00 0.000000e+00 0.000000e+00 
  Max absolute difference: 0.000000e+00
  Center matches point: 1

Weight matrix Wff (from convert2nnLinearLayer):
  Shape: [18 16]
  Wff (first 5 rows, all cols):
    1.000000 -1.000000 0.000000 0.000000 -1.000000 2.000000 0.000000 0.000000 0.000000 0.000000 0.000000 0.000000 0.000000 0.000000 0.000000 0.000000 
    0.000000 1.000000 -1.000000 0.000000 0.000000 -1.000000 2.000000 0.000000 0.000000 0.000000 0.000000 0.000000 0.000000 0.000000 0.000000 0.000000 
    0.000000 0.000000 1.000000 -1.000000 0.000000 0.000000 -1.000000 2.000000 0.000000 0.000000 0.000000 0.000000 0.000000 0.000000 0.000000 0.000000 
    0.000000 0.000000 0.000000 0.000000 1.000000 -1.000000 0.000000 0.000000 -1.000000 2.000000 0.000000 0.000000 0.000000 0.000000 0.000000 0.000000 
    0.000000 0.000000 0.000000 0.000000 0.000000 1.000000 -1.000000 0.000000 0.000000 -1.000000 2.000000 0.000000 0.000000 0.000000 0.000000 0.000000 

Bias (from convert2nnLinearLayer):
  Shape: [18 1]
  Bias (all 18 values): 1.000000 1.000000 1.000000 1.000000 1.000000 1.000000 1.000000 1.000000 1.000000 -2.000000 -2.000000 -2.000000 -2.000000 -2.000000 -2.000000 -2.000000 -2.000000 -2.000000 

Expected center (Wff * x + bias):
  All 18 values: 4.000000 0.000000 1.000000 0.000000 4.000000 0.000000 1.000000 0.000000 4.000000 -2.000000 1.000000 -2.000000 -3.000000 -2.000000 1.000000 -2.000000 -3.000000 -2.000000 
  Matches Y.c: 1
  Matches y_point: 1

