Python eAt values:
eAt[0, :]: [ 9.10573735e-01 -5.42451085e-09 -4.03897197e-07 -2.42824339e-05
 -7.95194807e-04 -3.69466723e-02]
eAt diagonal: [0.91057374 0.93510374 0.93571745 0.91193559 0.95837306 0.93688479]

Full eAt matrix:
[[ 9.10573735e-01 -5.42451085e-09 -4.03897197e-07 -2.42824339e-05
  -7.95194807e-04 -3.69466723e-02]
 [ 8.64468118e-02  9.35103744e-01 -7.57357688e-09 -5.69405519e-07
  -2.48310527e-05 -1.73770053e-03]
 [ 2.91368299e-03  6.27639908e-02  9.35717448e-01 -7.64836230e-09
  -4.16579437e-07 -3.89514255e-05]
 [ 6.42650769e-05  2.06752055e-03  6.13772329e-02  9.11935587e-01
  -5.51245078e-09 -6.44535493e-07]
 [ 1.49220317e-06  6.40548044e-05  2.86403918e-03  8.61903439e-02
   9.58373061e-01 -1.19518424e-08]
 [ 1.27042587e-08  6.81120273e-07  4.06092075e-05  1.83355136e-03
   4.02897118e-02  9.36884790e-01]]